-1   0.0384615
-0.99   0.0336329
-0.98   0.0288206
-0.97   0.0240411
-0.96   0.0193106
-0.95   0.0146457
-0.94   0.0100626
-0.93   0.00557772
-0.92   0.00120743
-0.91   -0.00303191
-0.9   -0.00712391
-0.89   -0.0110522
-0.88   -0.0148005
-0.87   -0.0183523
-0.86   -0.0216912
-0.85   -0.0248011
-0.84   -0.0276653
-0.83   -0.0302677
-0.82   -0.0325917
-0.81   -0.0346211
-0.8   -0.0363395
-0.79   -0.0377305
-0.78   -0.0387777
-0.77   -0.0394648
-0.76   -0.0397754
-0.75   -0.0396931
-0.74   -0.0392015
-0.73   -0.0382844
-0.72   -0.0369252
-0.71   -0.0351077
-0.7   -0.0328155
-0.69   -0.0300321
-0.68   -0.0267413
-0.67   -0.0229267
-0.66   -0.0185719
-0.65   -0.0136605
-0.64   -0.00817613
-0.63   -0.00210246
-0.62   0.00457689
-0.61   0.0118783
-0.6   0.0198181
-0.59   0.0284127
-0.58   0.0376785
-0.57   0.0476318
-0.56   0.058289
-0.55   0.0696665
-0.54   0.0817807
-0.53   0.0946478
-0.52   0.108284
-0.51   0.122707
-0.5   0.137931
-0.49   0.153964
-0.48   0.17077
-0.47   0.188303
-0.46   0.20652
-0.45   0.225374
-0.44   0.244821
-0.43   0.264814
-0.42   0.285309
-0.41   0.306261
-0.4   0.327624
-0.39   0.349353
-0.38   0.371403
-0.37   0.393729
-0.36   0.416284
-0.35   0.439025
-0.34   0.461906
-0.33   0.484881
-0.32   0.507906
-0.31   0.530934
-0.3   0.553922
-0.29   0.576823
-0.28   0.599593
-0.27   0.622185
-0.26   0.644556
-0.25   0.666659
-0.24   0.688449
-0.23   0.709882
-0.22   0.730911
-0.21   0.751493
-0.2   0.77158
-0.19   0.791129
-0.18   0.810094
-0.17   0.828429
-0.16   0.84609
-0.15   0.863031
-0.14   0.879206
-0.13   0.894572
-0.12   0.909082
-0.11   0.922691
-0.1   0.935354
-0.09   0.947026
-0.08   0.957662
-0.07   0.967215
-0.06   0.975642
-0.05   0.982896
-0.04   0.988933
-0.03   0.993707
-0.02   0.997173
-0.01   0.999286
7.5287e-16   1
0.01   0.999286
0.02   0.997173
0.03   0.993707
0.04   0.988933
0.05   0.982896
0.06   0.975642
0.07   0.967215
0.08   0.957662
0.09   0.947026
0.1   0.935354
0.11   0.922691
0.12   0.909082
0.13   0.894572
0.14   0.879206
0.15   0.863031
0.16   0.84609
0.17   0.828429
0.18   0.810094
0.19   0.791129
0.2   0.77158
0.21   0.751493
0.22   0.730911
0.23   0.709882
0.24   0.688449
0.25   0.666659
0.26   0.644556
0.27   0.622185
0.28   0.599593
0.29   0.576823
0.3   0.553922
0.31   0.530934
0.32   0.507906
0.33   0.484881
0.34   0.461906
0.35   0.439025
0.36   0.416284
0.37   0.393729
0.38   0.371403
0.39   0.349353
0.4   0.327624
0.41   0.306261
0.42   0.285309
0.43   0.264814
0.44   0.244821
0.45   0.225374
0.46   0.20652
0.47   0.188303
0.48   0.17077
0.49   0.153964
0.5   0.137931
0.51   0.122707
0.52   0.108284
0.53   0.0946478
0.54   0.0817807
0.55   0.0696665
0.56   0.058289
0.57   0.0476318
0.58   0.0376785
0.59   0.0284127
0.6   0.0198181
0.61   0.0118783
0.62   0.00457689
0.63   -0.00210246
0.64   -0.00817613
0.65   -0.0136605
0.66   -0.0185719
0.67   -0.0229267
0.68   -0.0267413
0.69   -0.0300321
0.7   -0.0328155
0.71   -0.0351077
0.72   -0.0369252
0.73   -0.0382844
0.74   -0.0392015
0.75   -0.0396931
0.76   -0.0397754
0.77   -0.0394648
0.78   -0.0387777
0.79   -0.0377305
0.8   -0.0363395
0.81   -0.0346211
0.82   -0.0325917
0.83   -0.0302677
0.84   -0.0276653
0.85   -0.0248011
0.86   -0.0216912
0.87   -0.0183523
0.88   -0.0148005
0.89   -0.0110522
0.9   -0.00712391
0.91   -0.00303191
0.92   0.00120743
0.93   0.00557772
0.94   0.0100626
0.95   0.0146457
0.96   0.0193106
0.97   0.0240411
0.98   0.0288206
0.99   0.0336329
