-1   0.0384615
-0.99   0.0390874
-0.98   0.0397181
-0.97   0.0403581
-0.96   0.0410124
-0.95   0.0416855
-0.94   0.0423823
-0.93   0.0431074
-0.92   0.0438655
-0.91   0.0446615
-0.9   0.0454999
-0.89   0.0463856
-0.88   0.0473233
-0.87   0.0483176
-0.86   0.0493733
-0.85   0.0504952
-0.84   0.0516879
-0.83   0.0529562
-0.82   0.0543048
-0.81   0.0557384
-0.8   0.0572618
-0.79   0.0588796
-0.78   0.0605966
-0.77   0.0624175
-0.76   0.0643471
-0.75   0.06639
-0.74   0.0685491
-0.73   0.0708194
-0.72   0.0731941
-0.71   0.0756662
-0.7   0.078229
-0.69   0.0808754
-0.68   0.0835988
-0.67   0.0863921
-0.66   0.0892486
-0.65   0.0921613
-0.64   0.0951234
-0.63   0.098128
-0.62   0.101168
-0.61   0.104237
-0.6   0.107328
-0.59   0.110434
-0.58   0.113548
-0.57   0.116664
-0.56   0.119774
-0.55   0.122871
-0.54   0.125949
-0.53   0.129001
-0.52   0.13202
-0.51   0.134999
-0.5   0.137931
-0.49   0.140823
-0.48   0.143737
-0.47   0.146748
-0.46   0.149932
-0.45   0.153364
-0.44   0.157119
-0.43   0.161273
-0.42   0.165902
-0.41   0.17108
-0.4   0.176883
-0.39   0.183387
-0.38   0.190667
-0.37   0.198799
-0.36   0.207857
-0.35   0.217918
-0.34   0.229056
-0.33   0.241347
-0.32   0.254868
-0.31   0.269692
-0.3   0.285895
-0.29   0.303553
-0.28   0.322742
-0.27   0.343536
-0.26   0.366012
-0.25   0.390244
-0.24   0.416258
-0.23   0.443876
-0.22   0.472873
-0.21   0.50302
-0.2   0.534092
-0.19   0.565861
-0.18   0.598099
-0.17   0.630581
-0.16   0.663079
-0.15   0.695366
-0.14   0.727215
-0.13   0.758399
-0.12   0.788691
-0.11   0.817864
-0.1   0.845691
-0.09   0.871945
-0.08   0.8964
-0.07   0.918827
-0.06   0.939001
-0.05   0.956694
-0.04   0.971679
-0.03   0.983729
-0.02   0.992617
-0.01   0.998116
7.5287e-16   1
0.01   0.998116
0.02   0.992617
0.03   0.983729
0.04   0.971679
0.05   0.956694
0.06   0.939001
0.07   0.918827
0.08   0.8964
0.09   0.871945
0.1   0.845691
0.11   0.817864
0.12   0.788691
0.13   0.758399
0.14   0.727215
0.15   0.695366
0.16   0.663079
0.17   0.630581
0.18   0.598099
0.19   0.565861
0.2   0.534092
0.21   0.50302
0.22   0.472873
0.23   0.443876
0.24   0.416258
0.25   0.390244
0.26   0.366012
0.27   0.343536
0.28   0.322742
0.29   0.303553
0.3   0.285895
0.31   0.269692
0.32   0.254868
0.33   0.241347
0.34   0.229056
0.35   0.217918
0.36   0.207857
0.37   0.198799
0.38   0.190667
0.39   0.183387
0.4   0.176883
0.41   0.17108
0.42   0.165902
0.43   0.161273
0.44   0.157119
0.45   0.153364
0.46   0.149932
0.47   0.146748
0.48   0.143737
0.49   0.140823
0.5   0.137931
0.51   0.134999
0.52   0.13202
0.53   0.129001
0.54   0.125949
0.55   0.122871
0.56   0.119774
0.57   0.116664
0.58   0.113548
0.59   0.110434
0.6   0.107328
0.61   0.104237
0.62   0.101168
0.63   0.098128
0.64   0.0951234
0.65   0.0921613
0.66   0.0892486
0.67   0.0863921
0.68   0.0835988
0.69   0.0808754
0.7   0.078229
0.71   0.0756662
0.72   0.0731941
0.73   0.0708194
0.74   0.0685491
0.75   0.06639
0.76   0.0643471
0.77   0.0624175
0.78   0.0605966
0.79   0.0588796
0.8   0.0572618
0.81   0.0557384
0.82   0.0543048
0.83   0.0529562
0.84   0.0516879
0.85   0.0504952
0.86   0.0493733
0.87   0.0483176
0.88   0.0473233
0.89   0.0463856
0.9   0.0454999
0.91   0.0446615
0.92   0.0438655
0.93   0.0431074
0.94   0.0423823
0.95   0.0416855
0.96   0.0410124
0.97   0.0403581
0.98   0.0397181
0.99   0.0390874
