-1      0.0384615
-0.99      0.0754597
-0.98      0.107298
-0.97      0.134356
-0.96      0.156997
-0.95      0.175568
-0.94      0.190401
-0.93      0.201816
-0.92      0.210116
-0.91      0.215591
-0.9      0.218516
-0.89      0.219156
-0.88      0.217761
-0.87      0.214567
-0.86      0.209801
-0.85      0.203676
-0.84      0.196393
-0.83      0.188144
-0.82      0.179107
-0.81      0.169453
-0.8      0.159338
-0.79      0.148912
-0.78      0.138315
-0.77      0.127674
-0.76      0.11711
-0.75      0.106736
-0.74      0.0966521
-0.73      0.0869545
-0.72      0.0777292
-0.71      0.069055
-0.7      0.0610029
-0.69      0.0536371
-0.68      0.0470147
-0.67      0.0411858
-0.66      0.0361946
-0.65      0.0320788
-0.64      0.0288701
-0.63      0.0265947
-0.62      0.0252733
-0.61      0.0249213
-0.6      0.0255492
-0.59      0.0271628
-0.58      0.0297632
-0.57      0.0333473
-0.56      0.0379079
-0.55      0.0434341
-0.54      0.0499109
-0.53      0.0573203
-0.52      0.0656408
-0.51      0.0748479
-0.5      0.0849142
-0.49      0.0958098
-0.48      0.107502
-0.47      0.119956
-0.46      0.133135
-0.45      0.147001
-0.44      0.161512
-0.43      0.176626
-0.42      0.1923
-0.41      0.208489
-0.4      0.225147
-0.39      0.242227
-0.38      0.25968
-0.37      0.27746
-0.36      0.295516
-0.35      0.3138
-0.34      0.332261
-0.33      0.350851
-0.32      0.36952
-0.31      0.388218
-0.3      0.406896
-0.29      0.425505
-0.28      0.443997
-0.27      0.462324
-0.26      0.480439
-0.25      0.498297
-0.24      0.515851
-0.23      0.533058
-0.22      0.549875
-0.21      0.566259
-0.2      0.58217
-0.19      0.597568
-0.18      0.612417
-0.17      0.626679
-0.16      0.640319
-0.15      0.653305
-0.14      0.665605
-0.13      0.677189
-0.12      0.68803
-0.11      0.698101
-0.1      0.707378
-0.09      0.71584
-0.08      0.723466
-0.07      0.730238
-0.06      0.736139
-0.05      0.741157
-0.04      0.745278
-0.03      0.748494
-0.02      0.750796
-0.01      0.75218
7.5287e-16      0.752641
0.01      0.75218
0.02      0.750796
0.03      0.748494
0.04      0.745278
0.05      0.741157
0.06      0.736139
0.07      0.730238
0.08      0.723466
0.09      0.71584
0.1      0.707378
0.11      0.698101
0.12      0.68803
0.13      0.677189
0.14      0.665605
0.15      0.653305
0.16      0.640319
0.17      0.626679
0.18      0.612417
0.19      0.597568
0.2      0.58217
0.21      0.566259
0.22      0.549875
0.23      0.533058
0.24      0.515851
0.25      0.498297
0.26      0.480439
0.27      0.462324
0.28      0.443997
0.29      0.425505
0.3      0.406896
0.31      0.388218
0.32      0.36952
0.33      0.350851
0.34      0.332261
0.35      0.3138
0.36      0.295516
0.37      0.27746
0.38      0.25968
0.39      0.242227
0.4      0.225147
0.41      0.208489
0.42      0.1923
0.43      0.176626
0.44      0.161512
0.45      0.147001
0.46      0.133135
0.47      0.119956
0.48      0.107502
0.49      0.0958098
0.5      0.0849142
0.51      0.0748479
0.52      0.0656408
0.53      0.0573203
0.54      0.0499109
0.55      0.0434341
0.56      0.0379079
0.57      0.0333473
0.58      0.0297632
0.59      0.0271628
0.6      0.0255492
0.61      0.0249213
0.62      0.0252733
0.63      0.0265947
0.64      0.0288701
0.65      0.0320788
0.66      0.0361946
0.67      0.0411858
0.68      0.0470147
0.69      0.0536371
0.7      0.0610029
0.71      0.069055
0.72      0.0777292
0.73      0.0869545
0.74      0.0966521
0.75      0.106736
0.76      0.11711
0.77      0.127674
0.78      0.138315
0.79      0.148912
0.8      0.159338
0.81      0.169453
0.82      0.179107
0.83      0.188144
0.84      0.196393
0.85      0.203676
0.86      0.209801
0.87      0.214567
0.88      0.217761
0.89      0.219156
0.9      0.218516
0.91      0.215591
0.92      0.210116
0.93      0.201816
0.94      0.190401
0.95      0.175568
0.96      0.156997
0.97      0.134356
0.98      0.107298
0.99      0.0754597
1      0.0384615
