-1      0.0384615
-0.99      0.251608
-0.98      0.404086
-0.97      0.506347
-0.96      0.56756
-0.95      0.595727
-0.94      0.597792
-0.93      0.579744
-0.92      0.546712
-0.91      0.50305
-0.9      0.452423
-0.89      0.397876
-0.88      0.341909
-0.87      0.286536
-0.86      0.233347
-0.85      0.18356
-0.84      0.13807
-0.83      0.0974944
-0.82      0.0622131
-0.81      0.0324054
-0.8      0.0080835
-0.79      -0.0108778
-0.78      -0.0247143
-0.77      -0.0337482
-0.76      -0.0383675
-0.75      -0.0390065
-0.74      -0.0361301
-0.73      -0.0302193
-0.72      -0.0217588
-0.71      -0.011227
-0.7      0.000913257
-0.69      0.0142218
-0.68      0.0282867
-0.67      0.0427293
-0.66      0.0572074
-0.65      0.0714177
-0.64      0.0850976
-0.63      0.0980255
-0.62      0.110021
-0.61      0.120945
-0.6      0.130697
-0.59      0.139214
-0.58      0.14647
-0.57      0.152471
-0.56      0.157256
-0.55      0.160889
-0.54      0.16346
-0.53      0.165083
-0.52      0.165887
-0.51      0.16602
-0.5      0.165641
-0.49      0.164917
-0.48      0.164023
-0.47      0.163137
-0.46      0.162438
-0.45      0.162102
-0.44      0.1623
-0.43      0.163198
-0.42      0.164952
-0.41      0.167707
-0.4      0.171596
-0.39      0.176736
-0.38      0.183232
-0.37      0.191171
-0.36      0.200621
-0.35      0.211634
-0.34      0.224245
-0.33      0.238466
-0.32      0.254296
-0.31      0.271711
-0.3      0.290671
-0.29      0.311118
-0.28      0.332978
-0.27      0.356158
-0.26      0.380553
-0.25      0.406042
-0.24      0.432492
-0.23      0.459757
-0.22      0.487682
-0.21      0.516103
-0.2      0.544847
-0.19      0.573738
-0.18      0.602593
-0.17      0.631227
-0.16      0.659455
-0.15      0.687091
-0.14      0.713953
-0.13      0.739859
-0.12      0.764636
-0.11      0.788116
-0.1      0.810139
-0.09      0.830553
-0.08      0.849218
-0.07      0.866005
-0.06      0.880797
-0.05      0.893493
-0.04      0.904004
-0.03      0.912256
-0.02      0.918191
-0.01      0.92177
7.5287e-16      0.922965
0.01      0.92177
0.02      0.918191
0.03      0.912256
0.04      0.904004
0.05      0.893493
0.06      0.880797
0.07      0.866005
0.08      0.849218
0.09      0.830553
0.1      0.810139
0.11      0.788116
0.12      0.764636
0.13      0.739859
0.14      0.713953
0.15      0.687091
0.16      0.659455
0.17      0.631227
0.18      0.602593
0.19      0.573738
0.2      0.544847
0.21      0.516103
0.22      0.487682
0.23      0.459757
0.24      0.432492
0.25      0.406042
0.26      0.380553
0.27      0.356158
0.28      0.332978
0.29      0.311118
0.3      0.290671
0.31      0.271711
0.32      0.254296
0.33      0.238466
0.34      0.224245
0.35      0.211634
0.36      0.200621
0.37      0.191171
0.38      0.183232
0.39      0.176736
0.4      0.171596
0.41      0.167707
0.42      0.164952
0.43      0.163198
0.44      0.1623
0.45      0.162102
0.46      0.162438
0.47      0.163137
0.48      0.164023
0.49      0.164917
0.5      0.165641
0.51      0.16602
0.52      0.165887
0.53      0.165083
0.54      0.16346
0.55      0.160889
0.56      0.157256
0.57      0.152471
0.58      0.14647
0.59      0.139214
0.6      0.130697
0.61      0.120945
0.62      0.110021
0.63      0.0980255
0.64      0.0850976
0.65      0.0714177
0.66      0.0572074
0.67      0.0427293
0.68      0.0282867
0.69      0.0142218
0.7      0.000913257
0.71      -0.011227
0.72      -0.0217588
0.73      -0.0302193
0.74      -0.0361301
0.75      -0.0390065
0.76      -0.0383675
0.77      -0.0337482
0.78      -0.0247143
0.79      -0.0108778
0.8      0.0080835
0.81      0.0324054
0.82      0.0622131
0.83      0.0974944
0.84      0.13807
0.85      0.18356
0.86      0.233347
0.87      0.286536
0.88      0.341909
0.89      0.397876
0.9      0.452423
0.91      0.50305
0.92      0.546712
0.93      0.579744
0.94      0.597792
0.95      0.595727
0.96      0.56756
0.97      0.506347
0.98      0.404086
0.99      0.251608
1      0.0384615
