-1      0.0384615
-0.99      0.0435266
-0.98      0.0485407
-0.97      0.053504
-0.96      0.0584163
-0.95      0.0632777
-0.94      0.0680882
-0.93      0.0728479
-0.92      0.0775566
-0.91      0.0822144
-0.9      0.0868213
-0.89      0.0913773
-0.88      0.0958824
-0.87      0.100337
-0.86      0.10474
-0.85      0.109092
-0.84      0.113394
-0.83      0.117644
-0.82      0.121844
-0.81      0.125993
-0.8      0.13009
-0.79      0.134137
-0.78      0.138133
-0.77      0.142079
-0.76      0.145973
-0.75      0.149816
-0.74      0.153609
-0.73      0.15735
-0.72      0.161041
-0.71      0.16468
-0.7      0.168269
-0.69      0.171807
-0.68      0.175294
-0.67      0.17873
-0.66      0.182115
-0.65      0.18545
-0.64      0.188733
-0.63      0.191965
-0.62      0.195147
-0.61      0.198278
-0.6      0.201357
-0.59      0.204386
-0.58      0.207364
-0.57      0.210291
-0.56      0.213167
-0.55      0.215993
-0.54      0.218767
-0.53      0.22149
-0.52      0.224163
-0.51      0.226785
-0.5      0.229355
-0.49      0.231875
-0.48      0.234344
-0.47      0.236762
-0.46      0.239129
-0.45      0.241445
-0.44      0.24371
-0.43      0.245925
-0.42      0.248088
-0.41      0.250201
-0.4      0.252262
-0.39      0.254273
-0.38      0.256233
-0.37      0.258142
-0.36      0.26
-0.35      0.261807
-0.34      0.263563
-0.33      0.265269
-0.32      0.266923
-0.31      0.268527
-0.3      0.270079
-0.29      0.271581
-0.28      0.273032
-0.27      0.274432
-0.26      0.275781
-0.25      0.277079
-0.24      0.278326
-0.23      0.279522
-0.22      0.280667
-0.21      0.281762
-0.2      0.282805
-0.19      0.283798
-0.18      0.28474
-0.17      0.285631
-0.16      0.286471
-0.15      0.28726
-0.14      0.287998
-0.13      0.288685
-0.12      0.289321
-0.11      0.289907
-0.1      0.290441
-0.09      0.290925
-0.08      0.291357
-0.07      0.291739
-0.06      0.29207
-0.05      0.29235
-0.04      0.292579
-0.03      0.292757
-0.02      0.292885
-0.01      0.292961
7.5287e-16      0.292986
0.01      0.292961
0.02      0.292885
0.03      0.292757
0.04      0.292579
0.05      0.29235
0.06      0.29207
0.07      0.291739
0.08      0.291357
0.09      0.290925
0.1      0.290441
0.11      0.289907
0.12      0.289321
0.13      0.288685
0.14      0.287998
0.15      0.28726
0.16      0.286471
0.17      0.285631
0.18      0.28474
0.19      0.283798
0.2      0.282805
0.21      0.281762
0.22      0.280667
0.23      0.279522
0.24      0.278326
0.25      0.277079
0.26      0.275781
0.27      0.274432
0.28      0.273032
0.29      0.271581
0.3      0.270079
0.31      0.268527
0.32      0.266923
0.33      0.265269
0.34      0.263563
0.35      0.261807
0.36      0.26
0.37      0.258142
0.38      0.256233
0.39      0.254273
0.4      0.252262
0.41      0.250201
0.42      0.248088
0.43      0.245925
0.44      0.24371
0.45      0.241445
0.46      0.239129
0.47      0.236762
0.48      0.234344
0.49      0.231875
0.5      0.229355
0.51      0.226785
0.52      0.224163
0.53      0.22149
0.54      0.218767
0.55      0.215993
0.56      0.213167
0.57      0.210291
0.58      0.207364
0.59      0.204386
0.6      0.201357
0.61      0.198278
0.62      0.195147
0.63      0.191965
0.64      0.188733
0.65      0.18545
0.66      0.182115
0.67      0.17873
0.68      0.175294
0.69      0.171807
0.7      0.168269
0.71      0.16468
0.72      0.161041
0.73      0.15735
0.74      0.153609
0.75      0.149816
0.76      0.145973
0.77      0.142079
0.78      0.138133
0.79      0.134137
0.8      0.13009
0.81      0.125993
0.82      0.121844
0.83      0.117644
0.84      0.113394
0.85      0.109092
0.86      0.10474
0.87      0.100337
0.88      0.0958824
0.89      0.0913773
0.9      0.0868213
0.91      0.0822144
0.92      0.0775566
0.93      0.0728479
0.94      0.0680882
0.95      0.0632777
0.96      0.0584163
0.97      0.053504
0.98      0.0485407
0.99      0.0435266
1      0.0384615
