-1      0.0402388
-0.99      -104372
-0.98      -78689
-0.97      -38251.1
-0.96      -11907.8
-0.95      0.0435325
-0.94      3300.19
-0.93      2918.66
-0.92      1630.39
-0.91      574.183
-0.9      0.0472616
-0.89      -196.602
-0.88      -190.744
-0.87      -116.062
-0.86      -44.2345
-0.85      0.0524694
-0.84      17.5889
-0.83      18.236
-0.82      11.8399
-0.81      4.82937
-0.8      0.0588257
-0.79      -2.05294
-0.78      -2.24736
-0.77      -1.5108
-0.76      -0.604374
-0.75      0.0663903
-0.74      0.39302
-0.73      0.440817
-0.72      0.335523
-0.71      0.190433
-0.7      0.075472
-0.69      0.0160453
-0.68      0.00672466
-0.67      0.028005
-0.66      0.0593825
-0.65      0.0864865
-0.64      0.102907
-0.63      0.108657
-0.62      0.107304
-0.61      0.103259
-0.6      0.1
-0.59      0.0993446
-0.58      0.101561
-0.57      0.105914
-0.56      0.111311
-0.55      0.116788
-0.54      0.121781
-0.53      0.126151
-0.52      0.130081
-0.51      0.133899
-0.5      0.137931
-0.49      0.142396
-0.48      0.147381
-0.47      0.15286
-0.46      0.158748
-0.45      0.164948
-0.44      0.171399
-0.43      0.178084
-0.42      0.185036
-0.41      0.192318
-0.4      0.2
-0.39      0.208149
-0.38      0.216813
-0.37      0.226024
-0.36      0.235799
-0.35      0.246154
-0.34      0.257108
-0.33      0.268692
-0.32      0.280948
-0.31      0.293929
-0.3      0.307692
-0.29      0.322299
-0.28      0.337806
-0.27      0.354267
-0.26      0.371731
-0.25      0.390244
-0.24      0.40985
-0.23      0.430591
-0.22      0.452507
-0.21      0.475635
-0.2      0.5
-0.19      0.525615
-0.18      0.552473
-0.17      0.580539
-0.16      0.609749
-0.15      0.64
-0.14      0.671147
-0.13      0.702997
-0.12      0.735303
-0.11      0.767759
-0.1      0.8
-0.09      0.831597
-0.08      0.862063
-0.07      0.890864
-0.06      0.917429
-0.05      0.941176
-0.04      0.96154
-0.03      0.977997
-0.02      0.9901
-0.01      0.997507
7.5287e-16      1
0.01      0.997507
0.02      0.9901
0.03      0.977997
0.04      0.96154
0.05      0.941176
0.06      0.917429
0.07      0.890864
0.08      0.862063
0.09      0.831597
0.1      0.8
0.11      0.767759
0.12      0.735303
0.13      0.702997
0.14      0.671147
0.15      0.64
0.16      0.609749
0.17      0.580539
0.18      0.552473
0.19      0.525615
0.2      0.5
0.21      0.475635
0.22      0.452507
0.23      0.430591
0.24      0.40985
0.25      0.390244
0.26      0.371731
0.27      0.354267
0.28      0.337806
0.29      0.322299
0.3      0.307692
0.31      0.293929
0.32      0.280948
0.33      0.268692
0.34      0.257108
0.35      0.246154
0.36      0.235799
0.37      0.226024
0.38      0.216813
0.39      0.208149
0.4      0.2
0.41      0.192318
0.42      0.185036
0.43      0.178084
0.44      0.171399
0.45      0.164948
0.46      0.158748
0.47      0.15286
0.48      0.147381
0.49      0.142396
0.5      0.137931
0.51      0.133899
0.52      0.130081
0.53      0.126151
0.54      0.121781
0.55      0.116788
0.56      0.111311
0.57      0.105914
0.58      0.101561
0.59      0.0993446
0.6      0.1
0.61      0.103259
0.62      0.107304
0.63      0.108657
0.64      0.102907
0.65      0.0864865
0.66      0.0593824
0.67      0.0280049
0.68      0.00672455
0.69      0.0160453
0.7      0.0754719
0.71      0.190433
0.72      0.335523
0.73      0.440816
0.74      0.393019
0.75      0.0663901
0.76      -0.604376
0.77      -1.5108
0.78      -2.24736
0.79      -2.05294
0.8      0.0588272
0.81      4.82939
0.82      11.8399
0.83      18.236
0.84      17.5889
0.85      0.052499
0.86      -44.2346
0.87      -116.062
0.88      -190.744
0.89      -196.602
0.9      0.0470965
0.91      574.183
0.92      1630.39
0.93      2918.66
0.94      3300.19
0.95      0.0437813
0.96      -11907.8
0.97      -38251.1
0.98      -78689
0.99      -104372
1      0.0425819
