-1      0.00960384
-0.99      0.0143818
-0.98      0.0191116
-0.97      0.0237935
-0.96      0.0284274
-0.95      0.0330132
-0.94      0.037551
-0.93      0.0420408
-0.92      0.0464826
-0.91      0.0508764
-0.9      0.0552221
-0.89      0.0595198
-0.88      0.0637695
-0.87      0.0679712
-0.86      0.0721248
-0.85      0.0762305
-0.84      0.0802881
-0.83      0.0842977
-0.82      0.0882593
-0.81      0.0921729
-0.8      0.0960384
-0.79      0.0998559
-0.78      0.103625
-0.77      0.107347
-0.76      0.11102
-0.75      0.114646
-0.74      0.118223
-0.73      0.121753
-0.72      0.125234
-0.71      0.128667
-0.7      0.132053
-0.69      0.13539
-0.68      0.138679
-0.67      0.141921
-0.66      0.145114
-0.65      0.148259
-0.64      0.151357
-0.63      0.154406
-0.62      0.157407
-0.61      0.16036
-0.6      0.163265
-0.59      0.166122
-0.58      0.168932
-0.57      0.171693
-0.56      0.174406
-0.55      0.177071
-0.54      0.179688
-0.53      0.182257
-0.52      0.184778
-0.51      0.187251
-0.5      0.189676
-0.49      0.192053
-0.48      0.194382
-0.47      0.196663
-0.46      0.198896
-0.45      0.20108
-0.44      0.203217
-0.43      0.205306
-0.42      0.207347
-0.41      0.20934
-0.4      0.211285
-0.39      0.213181
-0.38      0.21503
-0.37      0.216831
-0.36      0.218583
-0.35      0.220288
-0.34      0.221945
-0.33      0.223553
-0.32      0.225114
-0.31      0.226627
-0.3      0.228091
-0.29      0.229508
-0.28      0.230876
-0.27      0.232197
-0.26      0.233469
-0.25      0.234694
-0.24      0.23587
-0.23      0.236999
-0.22      0.238079
-0.21      0.239112
-0.2      0.240096
-0.19      0.241032
-0.18      0.241921
-0.17      0.242761
-0.16      0.243553
-0.15      0.244298
-0.14      0.244994
-0.13      0.245642
-0.12      0.246242
-0.11      0.246795
-0.1      0.247299
-0.09      0.247755
-0.08      0.248163
-0.07      0.248523
-0.06      0.248836
-0.05      0.2491
-0.04      0.249316
-0.03      0.249484
-0.02      0.249604
-0.01      0.249676
7.5287e-16      0.2497
0.01      0.249676
0.02      0.249604
0.03      0.249484
0.04      0.249316
0.05      0.2491
0.06      0.248836
0.07      0.248523
0.08      0.248163
0.09      0.247755
0.1      0.247299
0.11      0.246795
0.12      0.246242
0.13      0.245642
0.14      0.244994
0.15      0.244298
0.16      0.243553
0.17      0.242761
0.18      0.241921
0.19      0.241032
0.2      0.240096
0.21      0.239112
0.22      0.238079
0.23      0.236999
0.24      0.23587
0.25      0.234694
0.26      0.233469
0.27      0.232197
0.28      0.230876
0.29      0.229508
0.3      0.228091
0.31      0.226627
0.32      0.225114
0.33      0.223553
0.34      0.221945
0.35      0.220288
0.36      0.218583
0.37      0.216831
0.38      0.21503
0.39      0.213181
0.4      0.211285
0.41      0.20934
0.42      0.207347
0.43      0.205306
0.44      0.203217
0.45      0.20108
0.46      0.198896
0.47      0.196663
0.48      0.194382
0.49      0.192053
0.5      0.189676
0.51      0.187251
0.52      0.184778
0.53      0.182257
0.54      0.179688
0.55      0.177071
0.56      0.174406
0.57      0.171693
0.58      0.168932
0.59      0.166122
0.6      0.163265
0.61      0.16036
0.62      0.157407
0.63      0.154406
0.64      0.151357
0.65      0.148259
0.66      0.145114
0.67      0.141921
0.68      0.138679
0.69      0.13539
0.7      0.132053
0.71      0.128667
0.72      0.125234
0.73      0.121753
0.74      0.118223
0.75      0.114646
0.76      0.11102
0.77      0.107347
0.78      0.103625
0.79      0.0998559
0.8      0.0960384
0.81      0.0921729
0.82      0.0882593
0.83      0.0842977
0.84      0.0802881
0.85      0.0762305
0.86      0.0721248
0.87      0.0679712
0.88      0.0637695
0.89      0.0595198
0.9      0.0552221
0.91      0.0508764
0.92      0.0464826
0.93      0.0420408
0.94      0.037551
0.95      0.0330132
0.96      0.0284274
0.97      0.0237935
0.98      0.0191116
0.99      0.0143818
1      0.00960384
