-1      0.0233946
-0.99      0.0326902
-0.98      0.0404833
-0.97      0.0469073
-0.96      0.0520896
-0.95      0.0561516
-0.94      0.0592092
-0.93      0.0613729
-0.92      0.0627474
-0.91      0.0634326
-0.9      0.0635228
-0.89      0.0631078
-0.88      0.0622721
-0.87      0.0610957
-0.86      0.0596539
-0.85      0.0580176
-0.84      0.0562533
-0.83      0.0544232
-0.82      0.0525855
-0.81      0.0507942
-0.8      0.0490998
-0.79      0.0475486
-0.78      0.0461837
-0.77      0.0450443
-0.76      0.0441663
-0.75      0.0435825
-0.74      0.0433223
-0.73      0.0434121
-0.72      0.0438752
-0.71      0.0447322
-0.7      0.046001
-0.69      0.0476965
-0.68      0.0498314
-0.67      0.0524157
-0.66      0.0554573
-0.65      0.0589616
-0.64      0.0629319
-0.63      0.0673695
-0.62      0.0722737
-0.61      0.0776419
-0.6      0.0834696
-0.59      0.0897509
-0.58      0.0964778
-0.57      0.103641
-0.56      0.111231
-0.55      0.119234
-0.54      0.127637
-0.53      0.136426
-0.52      0.145586
-0.51      0.155099
-0.5      0.164948
-0.49      0.175114
-0.48      0.185577
-0.47      0.196319
-0.46      0.207317
-0.45      0.21855
-0.44      0.229997
-0.43      0.241635
-0.42      0.25344
-0.41      0.26539
-0.4      0.277462
-0.39      0.289631
-0.38      0.301873
-0.37      0.314165
-0.36      0.326482
-0.35      0.3388
-0.34      0.351095
-0.33      0.363343
-0.32      0.37552
-0.31      0.387603
-0.3      0.399568
-0.29      0.411392
-0.28      0.423052
-0.27      0.434526
-0.26      0.445792
-0.25      0.456828
-0.24      0.467613
-0.23      0.478127
-0.22      0.48835
-0.21      0.498263
-0.2      0.507846
-0.19      0.517082
-0.18      0.525953
-0.17      0.534442
-0.16      0.542535
-0.15      0.550215
-0.14      0.557469
-0.13      0.564282
-0.12      0.570643
-0.11      0.576538
-0.1      0.581959
-0.09      0.586894
-0.08      0.591334
-0.07      0.595271
-0.06      0.598698
-0.05      0.601608
-0.04      0.603997
-0.03      0.605859
-0.02      0.607192
-0.01      0.607993
7.5287e-16      0.60826
0.01      0.607993
0.02      0.607192
0.03      0.605859
0.04      0.603997
0.05      0.601608
0.06      0.598698
0.07      0.595271
0.08      0.591334
0.09      0.586894
0.1      0.581959
0.11      0.576538
0.12      0.570643
0.13      0.564282
0.14      0.557469
0.15      0.550215
0.16      0.542535
0.17      0.534442
0.18      0.525953
0.19      0.517082
0.2      0.507846
0.21      0.498263
0.22      0.48835
0.23      0.478127
0.24      0.467613
0.25      0.456828
0.26      0.445792
0.27      0.434526
0.28      0.423052
0.29      0.411392
0.3      0.399568
0.31      0.387603
0.32      0.37552
0.33      0.363343
0.34      0.351095
0.35      0.3388
0.36      0.326482
0.37      0.314165
0.38      0.301873
0.39      0.289631
0.4      0.277462
0.41      0.26539
0.42      0.25344
0.43      0.241635
0.44      0.229997
0.45      0.21855
0.46      0.207317
0.47      0.196319
0.48      0.185577
0.49      0.175114
0.5      0.164948
0.51      0.155099
0.52      0.145586
0.53      0.136426
0.54      0.127637
0.55      0.119234
0.56      0.111231
0.57      0.103641
0.58      0.0964778
0.59      0.0897509
0.6      0.0834696
0.61      0.0776419
0.62      0.0722737
0.63      0.0673695
0.64      0.0629319
0.65      0.0589616
0.66      0.0554573
0.67      0.0524157
0.68      0.0498314
0.69      0.0476965
0.7      0.046001
0.71      0.0447322
0.72      0.0438752
0.73      0.0434121
0.74      0.0433223
0.75      0.0435825
0.76      0.0441663
0.77      0.0450443
0.78      0.0461837
0.79      0.0475486
0.8      0.0490998
0.81      0.0507942
0.82      0.0525855
0.83      0.0544232
0.84      0.0562533
0.85      0.0580176
0.86      0.0596539
0.87      0.0610957
0.88      0.0622721
0.89      0.0631078
0.9      0.0635228
0.91      0.0634326
0.92      0.0627474
0.93      0.0613729
0.94      0.0592092
0.95      0.0561516
0.96      0.0520896
0.97      0.0469073
0.98      0.0404833
0.99      0.0326902
1      0.0233946
