-1      0.0314324
-0.99      0.0401243
-0.98      0.0453922
-0.97      0.0480906
-0.96      0.0489363
-0.95      0.0485241
-0.94      0.0473401
-0.93      0.0457754
-0.92      0.0441374
-0.91      0.0426611
-0.9      0.0415187
-0.89      0.040829
-0.88      0.0406654
-0.87      0.0410633
-0.86      0.0420272
-0.85      0.0435364
-0.84      0.0455503
-0.83      0.0480136
-0.82      0.0508605
-0.81      0.0540178
-0.8      0.0574089
-0.79      0.0609564
-0.78      0.0645842
-0.77      0.0682198
-0.76      0.0717959
-0.75      0.0752516
-0.74      0.0785337
-0.73      0.0815974
-0.72      0.0844068
-0.71      0.0869353
-0.7      0.0891656
-0.69      0.0910899
-0.68      0.0927098
-0.67      0.0940355
-0.66      0.095086
-0.65      0.0958882
-0.64      0.0964763
-0.63      0.0968915
-0.62      0.0971807
-0.61      0.0973963
-0.6      0.0975952
-0.59      0.0978376
-0.58      0.098187
-0.57      0.0987087
-0.56      0.099469
-0.55      0.100535
-0.54      0.101973
-0.53      0.103849
-0.52      0.106226
-0.51      0.109164
-0.5      0.112723
-0.49      0.116956
-0.48      0.121912
-0.47      0.127637
-0.46      0.13417
-0.45      0.141546
-0.44      0.149792
-0.43      0.15893
-0.42      0.168976
-0.41      0.179937
-0.4      0.191816
-0.39      0.204608
-0.38      0.2183
-0.37      0.232875
-0.36      0.248306
-0.35      0.264561
-0.34      0.281601
-0.33      0.299383
-0.32      0.317855
-0.31      0.336961
-0.3      0.35664
-0.29      0.376824
-0.28      0.397442
-0.27      0.418421
-0.26      0.43968
-0.25      0.461138
-0.24      0.48271
-0.23      0.504309
-0.22      0.525847
-0.21      0.547234
-0.2      0.568379
-0.19      0.589193
-0.18      0.609586
-0.17      0.629467
-0.16      0.648751
-0.15      0.667351
-0.14      0.685184
-0.13      0.702169
-0.12      0.718231
-0.11      0.733296
-0.1      0.747295
-0.09      0.760164
-0.08      0.771843
-0.07      0.78228
-0.06      0.791425
-0.05      0.799237
-0.04      0.805678
-0.03      0.810719
-0.02      0.814337
-0.01      0.816515
7.5287e-16      0.817242
0.01      0.816515
0.02      0.814337
0.03      0.810719
0.04      0.805678
0.05      0.799237
0.06      0.791425
0.07      0.78228
0.08      0.771843
0.09      0.760164
0.1      0.747295
0.11      0.733296
0.12      0.718231
0.13      0.702169
0.14      0.685184
0.15      0.667351
0.16      0.648751
0.17      0.629467
0.18      0.609586
0.19      0.589193
0.2      0.568379
0.21      0.547234
0.22      0.525847
0.23      0.504309
0.24      0.48271
0.25      0.461138
0.26      0.43968
0.27      0.418421
0.28      0.397442
0.29      0.376824
0.3      0.35664
0.31      0.336961
0.32      0.317855
0.33      0.299383
0.34      0.281601
0.35      0.264561
0.36      0.248306
0.37      0.232875
0.38      0.2183
0.39      0.204608
0.4      0.191816
0.41      0.179937
0.42      0.168976
0.43      0.15893
0.44      0.149792
0.45      0.141546
0.46      0.13417
0.47      0.127637
0.48      0.121912
0.49      0.116956
0.5      0.112723
0.51      0.109164
0.52      0.106226
0.53      0.103849
0.54      0.101973
0.55      0.100535
0.56      0.099469
0.57      0.0987087
0.58      0.098187
0.59      0.0978376
0.6      0.0975952
0.61      0.0973963
0.62      0.0971807
0.63      0.0968915
0.64      0.0964763
0.65      0.0958882
0.66      0.095086
0.67      0.0940355
0.68      0.0927098
0.69      0.0910899
0.7      0.0891656
0.71      0.0869353
0.72      0.0844068
0.73      0.0815974
0.74      0.0785337
0.75      0.0752516
0.76      0.0717959
0.77      0.0682198
0.78      0.0645842
0.79      0.0609564
0.8      0.0574089
0.81      0.0540178
0.82      0.0508605
0.83      0.0480136
0.84      0.0455503
0.85      0.0435364
0.86      0.0420272
0.87      0.0410633
0.88      0.0406654
0.89      0.040829
0.9      0.0415187
0.91      0.0426611
0.92      0.0441374
0.93      0.0457754
0.94      0.0473401
0.95      0.0485241
0.96      0.0489363
0.97      0.0480906
0.98      0.0453922
0.99      0.0401243
1      0.0314324
