-1      0.0385772
-0.99      0.0393341
-0.98      0.0399476
-0.97      0.0406896
-0.96      0.0416696
-0.95      0.0425468
-0.94      0.0432928
-0.93      0.0440882
-0.92      0.0450417
-0.91      0.0461071
-0.9      0.0471745
-0.89      0.0481764
-0.88      0.049132
-0.87      0.050111
-0.86      0.0511807
-0.85      0.052365
-0.84      0.0536419
-0.83      0.0549622
-0.82      0.0562804
-0.81      0.0575775
-0.8      0.0588665
-0.79      0.0601838
-0.78      0.0615715
-0.77      0.0630606
-0.76      0.0646607
-0.75      0.0663595
-0.74      0.0681306
-0.73      0.0699451
-0.72      0.0717827
-0.71      0.0736393
-0.7      0.0755279
-0.69      0.0774743
-0.68      0.0795099
-0.67      0.0816626
-0.66      0.0839501
-0.65      0.086377
-0.64      0.0889352
-0.63      0.0916084
-0.62      0.0943786
-0.61      0.0972322
-0.6      0.100165
-0.59      0.103185
-0.58      0.106312
-0.57      0.109571
-0.56      0.112995
-0.55      0.116611
-0.54      0.120441
-0.53      0.124498
-0.52      0.128785
-0.51      0.133298
-0.5      0.138031
-0.49      0.142976
-0.48      0.148134
-0.47      0.153511
-0.46      0.159127
-0.45      0.16501
-0.44      0.171196
-0.43      0.177727
-0.42      0.184645
-0.41      0.191987
-0.4      0.199787
-0.39      0.20807
-0.38      0.216855
-0.37      0.226157
-0.36      0.23599
-0.35      0.24637
-0.34      0.257322
-0.33      0.268878
-0.32      0.281084
-0.31      0.293994
-0.3      0.307673
-0.29      0.32219
-0.28      0.337618
-0.27      0.354025
-0.26      0.371473
-0.25      0.390016
-0.24      0.409696
-0.23      0.430545
-0.22      0.452582
-0.21      0.475822
-0.2      0.500267
-0.19      0.525914
-0.18      0.552748
-0.17      0.58074
-0.16      0.609841
-0.15      0.639969
-0.14      0.671005
-0.13      0.702774
-0.12      0.735045
-0.11      0.767514
-0.1      0.799809
-0.09      0.831487
-0.08      0.862041
-0.07      0.890917
-0.06      0.917532
-0.05      0.941297
-0.04      0.96165
-0.03      0.978075
-0.02      0.990141
-0.01      0.997518
7.5287e-16      1
0.01      0.997518
0.02      0.990141
0.03      0.978075
0.04      0.96165
0.05      0.941297
0.06      0.917532
0.07      0.890917
0.08      0.862041
0.09      0.831487
0.1      0.799809
0.11      0.767514
0.12      0.735045
0.13      0.702774
0.14      0.671005
0.15      0.639969
0.16      0.609841
0.17      0.58074
0.18      0.552748
0.19      0.525914
0.2      0.500267
0.21      0.475822
0.22      0.452582
0.23      0.430545
0.24      0.409696
0.25      0.390016
0.26      0.371473
0.27      0.354025
0.28      0.337618
0.29      0.32219
0.3      0.307673
0.31      0.293994
0.32      0.281084
0.33      0.268878
0.34      0.257322
0.35      0.24637
0.36      0.23599
0.37      0.226157
0.38      0.216855
0.39      0.20807
0.4      0.199787
0.41      0.191987
0.42      0.184645
0.43      0.177727
0.44      0.171196
0.45      0.16501
0.46      0.159127
0.47      0.153511
0.48      0.148134
0.49      0.142976
0.5      0.138031
0.51      0.133298
0.52      0.128785
0.53      0.124498
0.54      0.120441
0.55      0.116611
0.56      0.112995
0.57      0.109571
0.58      0.106312
0.59      0.103185
0.6      0.100165
0.61      0.0972322
0.62      0.0943786
0.63      0.0916084
0.64      0.0889352
0.65      0.086377
0.66      0.0839501
0.67      0.0816626
0.68      0.07951
0.69      0.0774743
0.7      0.0755279
0.71      0.0736393
0.72      0.0717827
0.73      0.0699451
0.74      0.0681306
0.75      0.0663595
0.76      0.0646607
0.77      0.0630606
0.78      0.0615715
0.79      0.0601838
0.8      0.0588665
0.81      0.0575775
0.82      0.0562804
0.83      0.0549621
0.84      0.0536419
0.85      0.052365
0.86      0.0511803
0.87      0.0501111
0.88      0.0491322
0.89      0.0481767
0.9      0.0471743
0.91      0.0461084
0.92      0.0450428
0.93      0.0440881
0.94      0.0432931
0.95      0.0425455
0.96      0.0416666
0.97      0.0406939
0.98      0.0399473
0.99      0.03932
1      0.0385739
