-1      0.5
-0.99      0.508955
-0.98      0.51782
-0.97      0.526595
-0.96      0.53528
-0.95      0.543875
-0.94      0.55238
-0.93      0.560795
-0.92      0.56912
-0.91      0.577355
-0.9      0.5855
-0.89      0.593555
-0.88      0.60152
-0.87      0.609395
-0.86      0.61718
-0.85      0.624875
-0.84      0.63248
-0.83      0.639995
-0.82      0.64742
-0.81      0.654755
-0.8      0.662
-0.79      0.669155
-0.78      0.67622
-0.77      0.683195
-0.76      0.69008
-0.75      0.696875
-0.74      0.70358
-0.73      0.710195
-0.72      0.71672
-0.71      0.723155
-0.7      0.7295
-0.69      0.735755
-0.68      0.74192
-0.67      0.747995
-0.66      0.75398
-0.65      0.759875
-0.64      0.76568
-0.63      0.771395
-0.62      0.77702
-0.61      0.782555
-0.6      0.788
-0.59      0.793355
-0.58      0.79862
-0.57      0.803795
-0.56      0.80888
-0.55      0.813875
-0.54      0.81878
-0.53      0.823595
-0.52      0.82832
-0.51      0.832955
-0.5      0.8375
-0.49      0.841955
-0.48      0.84632
-0.47      0.850595
-0.46      0.85478
-0.45      0.858875
-0.44      0.86288
-0.43      0.866795
-0.42      0.87062
-0.41      0.874355
-0.4      0.878
-0.39      0.881555
-0.38      0.88502
-0.37      0.888395
-0.36      0.89168
-0.35      0.894875
-0.34      0.89798
-0.33      0.900995
-0.32      0.90392
-0.31      0.906755
-0.3      0.9095
-0.29      0.912155
-0.28      0.91472
-0.27      0.917195
-0.26      0.91958
-0.25      0.921875
-0.24      0.92408
-0.23      0.926195
-0.22      0.92822
-0.21      0.930155
-0.2      0.932
-0.19      0.933755
-0.18      0.93542
-0.17      0.936995
-0.16      0.93848
-0.15      0.939875
-0.14      0.94118
-0.13      0.942395
-0.12      0.94352
-0.11      0.944555
-0.1      0.9455
-0.09      0.946355
-0.08      0.94712
-0.07      0.947795
-0.06      0.94838
-0.05      0.948875
-0.04      0.94928
-0.03      0.949595
-0.02      0.94982
-0.01      0.949955
7.5287e-16      0.95
0.01      0.949955
0.02      0.94982
0.03      0.949595
0.04      0.94928
0.05      0.948875
0.06      0.94838
0.07      0.947795
0.08      0.94712
0.09      0.946355
0.1      0.9455
0.11      0.944555
0.12      0.94352
0.13      0.942395
0.14      0.94118
0.15      0.939875
0.16      0.93848
0.17      0.936995
0.18      0.93542
0.19      0.933755
0.2      0.932
0.21      0.930155
0.22      0.92822
0.23      0.926195
0.24      0.92408
0.25      0.921875
0.26      0.91958
0.27      0.917195
0.28      0.91472
0.29      0.912155
0.3      0.9095
0.31      0.906755
0.32      0.90392
0.33      0.900995
0.34      0.89798
0.35      0.894875
0.36      0.89168
0.37      0.888395
0.38      0.88502
0.39      0.881555
0.4      0.878
0.41      0.874355
0.42      0.87062
0.43      0.866795
0.44      0.86288
0.45      0.858875
0.46      0.85478
0.47      0.850595
0.48      0.84632
0.49      0.841955
0.5      0.8375
0.51      0.832955
0.52      0.82832
0.53      0.823595
0.54      0.81878
0.55      0.813875
0.56      0.80888
0.57      0.803795
0.58      0.79862
0.59      0.793355
0.6      0.788
0.61      0.782555
0.62      0.77702
0.63      0.771395
0.64      0.76568
0.65      0.759875
0.66      0.75398
0.67      0.747995
0.68      0.74192
0.69      0.735755
0.7      0.7295
0.71      0.723155
0.72      0.71672
0.73      0.710195
0.74      0.70358
0.75      0.696875
0.76      0.69008
0.77      0.683195
0.78      0.67622
0.79      0.669155
0.8      0.662
0.81      0.654755
0.82      0.64742
0.83      0.639995
0.84      0.63248
0.85      0.624875
0.86      0.61718
0.87      0.609395
0.88      0.60152
0.89      0.593555
0.9      0.5855
0.91      0.577355
0.92      0.56912
0.93      0.560795
0.94      0.55238
0.95      0.543875
0.96      0.53528
0.97      0.526595
0.98      0.51782
0.99      0.508955
1      0.5
