-1      0.5
-0.99      0.505224
-0.98      0.510439
-0.97      0.515654
-0.96      0.520879
-0.95      0.526124
-0.94      0.531394
-0.93      0.536695
-0.92      0.542033
-0.91      0.547411
-0.9      0.552833
-0.89      0.558301
-0.88      0.563816
-0.87      0.56938
-0.86      0.574993
-0.85      0.580657
-0.84      0.586371
-0.83      0.592135
-0.82      0.597948
-0.81      0.603809
-0.8      0.609718
-0.79      0.615673
-0.78      0.621672
-0.77      0.627716
-0.76      0.633801
-0.75      0.639926
-0.74      0.64609
-0.73      0.65229
-0.72      0.658525
-0.71      0.664794
-0.7      0.671093
-0.69      0.677421
-0.68      0.683775
-0.67      0.690155
-0.66      0.696557
-0.65      0.702979
-0.64      0.709419
-0.63      0.715875
-0.62      0.722343
-0.61      0.728823
-0.6      0.735311
-0.59      0.741804
-0.58      0.7483
-0.57      0.754795
-0.56      0.761288
-0.55      0.767775
-0.54      0.774254
-0.53      0.78072
-0.52      0.78717
-0.51      0.793602
-0.5      0.800012
-0.49      0.806396
-0.48      0.81275
-0.47      0.819072
-0.46      0.825356
-0.45      0.8316
-0.44      0.837798
-0.43      0.843948
-0.42      0.850044
-0.41      0.856083
-0.4      0.86206
-0.39      0.867971
-0.38      0.87381
-0.37      0.879575
-0.36      0.885259
-0.35      0.890859
-0.34      0.89637
-0.33      0.901787
-0.32      0.907105
-0.31      0.91232
-0.3      0.917427
-0.29      0.922422
-0.28      0.927299
-0.27      0.932054
-0.26      0.936682
-0.25      0.941179
-0.24      0.945541
-0.23      0.949763
-0.22      0.95384
-0.21      0.957769
-0.2      0.961545
-0.19      0.965164
-0.18      0.968623
-0.17      0.971918
-0.16      0.975045
-0.15      0.978
-0.14      0.980781
-0.13      0.983385
-0.12      0.985807
-0.11      0.988047
-0.1      0.9901
-0.09      0.991965
-0.08      0.99364
-0.07      0.995122
-0.06      0.99641
-0.05      0.997503
-0.04      0.998398
-0.03      0.999096
-0.02      0.999595
-0.01      0.999894
7.5287e-16      0.999994
0.01      0.999894
0.02      0.999595
0.03      0.999096
0.04      0.998398
0.05      0.997503
0.06      0.99641
0.07      0.995122
0.08      0.99364
0.09      0.991965
0.1      0.9901
0.11      0.988047
0.12      0.985807
0.13      0.983385
0.14      0.980781
0.15      0.978
0.16      0.975045
0.17      0.971918
0.18      0.968623
0.19      0.965164
0.2      0.961545
0.21      0.957769
0.22      0.95384
0.23      0.949763
0.24      0.945541
0.25      0.941179
0.26      0.936682
0.27      0.932054
0.28      0.927299
0.29      0.922422
0.3      0.917427
0.31      0.91232
0.32      0.907105
0.33      0.901787
0.34      0.89637
0.35      0.890859
0.36      0.885259
0.37      0.879575
0.38      0.87381
0.39      0.867971
0.4      0.86206
0.41      0.856083
0.42      0.850044
0.43      0.843948
0.44      0.837798
0.45      0.8316
0.46      0.825356
0.47      0.819072
0.48      0.81275
0.49      0.806396
0.5      0.800012
0.51      0.793602
0.52      0.78717
0.53      0.78072
0.54      0.774254
0.55      0.767775
0.56      0.761288
0.57      0.754795
0.58      0.7483
0.59      0.741804
0.6      0.735311
0.61      0.728823
0.62      0.722343
0.63      0.715875
0.64      0.709419
0.65      0.702979
0.66      0.696557
0.67      0.690155
0.68      0.683775
0.69      0.677421
0.7      0.671093
0.71      0.664794
0.72      0.658525
0.73      0.65229
0.74      0.64609
0.75      0.639926
0.76      0.633801
0.77      0.627716
0.78      0.621672
0.79      0.615673
0.8      0.609718
0.81      0.603809
0.82      0.597948
0.83      0.592135
0.84      0.586371
0.85      0.580657
0.86      0.574993
0.87      0.56938
0.88      0.563816
0.89      0.558301
0.9      0.552833
0.91      0.547411
0.92      0.542033
0.93      0.536695
0.94      0.531394
0.95      0.526124
0.96      0.520879
0.97      0.515654
0.98      0.510439
0.99      0.505224
1      0.5
