-1      0.5
-0.99      0.506014
-0.98      0.51192
-0.97      0.517731
-0.96      0.523459
-0.95      0.529118
-0.94      0.53472
-0.93      0.540274
-0.92      0.545791
-0.91      0.551281
-0.9      0.556752
-0.89      0.562213
-0.88      0.567672
-0.87      0.573135
-0.86      0.578608
-0.85      0.584098
-0.84      0.58961
-0.83      0.595149
-0.82      0.600718
-0.81      0.606322
-0.8      0.611964
-0.79      0.617647
-0.78      0.623373
-0.77      0.629143
-0.76      0.63496
-0.75      0.640824
-0.74      0.646737
-0.73      0.652698
-0.72      0.658707
-0.71      0.664764
-0.7      0.670868
-0.69      0.677019
-0.68      0.683214
-0.67      0.689452
-0.66      0.695732
-0.65      0.70205
-0.64      0.708406
-0.63      0.714794
-0.62      0.721214
-0.61      0.727662
-0.6      0.734134
-0.59      0.740627
-0.58      0.747137
-0.57      0.753661
-0.56      0.760194
-0.55      0.766732
-0.54      0.773272
-0.53      0.779807
-0.52      0.786335
-0.51      0.79285
-0.5      0.799348
-0.49      0.805824
-0.48      0.812273
-0.47      0.81869
-0.46      0.825071
-0.45      0.831409
-0.44      0.837701
-0.43      0.843941
-0.42      0.850124
-0.41      0.856245
-0.4      0.862299
-0.39      0.868281
-0.38      0.874185
-0.37      0.880008
-0.36      0.885744
-0.35      0.891387
-0.34      0.896934
-0.33      0.902379
-0.32      0.907718
-0.31      0.912946
-0.3      0.918058
-0.29      0.92305
-0.28      0.927917
-0.27      0.932656
-0.26      0.937261
-0.25      0.941729
-0.24      0.946055
-0.23      0.950237
-0.22      0.954269
-0.21      0.958149
-0.2      0.961873
-0.19      0.965438
-0.18      0.968839
-0.17      0.972075
-0.16      0.975143
-0.15      0.978038
-0.14      0.98076
-0.13      0.983304
-0.12      0.98567
-0.11      0.987855
-0.1      0.989856
-0.09      0.991672
-0.08      0.993302
-0.07      0.994744
-0.06      0.995996
-0.05      0.997057
-0.04      0.997927
-0.03      0.998604
-0.02      0.999088
-0.01      0.999379
7.5287e-16      0.999476
0.01      0.999379
0.02      0.999088
0.03      0.998604
0.04      0.997927
0.05      0.997057
0.06      0.995996
0.07      0.994744
0.08      0.993302
0.09      0.991672
0.1      0.989856
0.11      0.987855
0.12      0.98567
0.13      0.983304
0.14      0.98076
0.15      0.978038
0.16      0.975143
0.17      0.972075
0.18      0.968839
0.19      0.965438
0.2      0.961873
0.21      0.958149
0.22      0.954269
0.23      0.950237
0.24      0.946055
0.25      0.941729
0.26      0.937261
0.27      0.932656
0.28      0.927917
0.29      0.92305
0.3      0.918058
0.31      0.912946
0.32      0.907718
0.33      0.902379
0.34      0.896934
0.35      0.891387
0.36      0.885744
0.37      0.880008
0.38      0.874185
0.39      0.868281
0.4      0.862299
0.41      0.856245
0.42      0.850124
0.43      0.843941
0.44      0.837701
0.45      0.831409
0.46      0.825071
0.47      0.81869
0.48      0.812273
0.49      0.805824
0.5      0.799348
0.51      0.79285
0.52      0.786335
0.53      0.779807
0.54      0.773272
0.55      0.766732
0.56      0.760194
0.57      0.753661
0.58      0.747137
0.59      0.740627
0.6      0.734134
0.61      0.727662
0.62      0.721214
0.63      0.714794
0.64      0.708406
0.65      0.70205
0.66      0.695732
0.67      0.689452
0.68      0.683214
0.69      0.677019
0.7      0.670868
0.71      0.664764
0.72      0.658707
0.73      0.652698
0.74      0.646737
0.75      0.640824
0.76      0.63496
0.77      0.629143
0.78      0.623373
0.79      0.617647
0.8      0.611964
0.81      0.606322
0.82      0.600718
0.83      0.595149
0.84      0.58961
0.85      0.584098
0.86      0.578608
0.87      0.573135
0.88      0.567672
0.89      0.562213
0.9      0.556752
0.91      0.551281
0.92      0.545791
0.93      0.540274
0.94      0.53472
0.95      0.529118
0.96      0.523459
0.97      0.517731
0.98      0.51192
0.99      0.506014
1      0.5
