-1      0.499974
-0.99      0.505028
-0.98      0.510119
-0.97      0.515251
-0.96      0.520425
-0.95      0.525645
-0.94      0.530912
-0.93      0.536227
-0.92      0.541591
-0.91      0.547005
-0.9      0.552468
-0.89      0.557981
-0.88      0.563544
-0.87      0.569155
-0.86      0.574816
-0.85      0.580524
-0.84      0.586279
-0.83      0.592081
-0.82      0.597927
-0.81      0.603818
-0.8      0.609752
-0.79      0.615728
-0.78      0.621744
-0.77      0.6278
-0.76      0.633893
-0.75      0.640024
-0.74      0.64619
-0.73      0.652389
-0.72      0.658621
-0.71      0.664883
-0.7      0.671175
-0.69      0.677494
-0.68      0.683839
-0.67      0.690208
-0.66      0.696598
-0.65      0.703009
-0.64      0.709438
-0.63      0.715883
-0.62      0.722341
-0.61      0.728811
-0.6      0.735289
-0.59      0.741774
-0.58      0.748263
-0.57      0.754753
-0.56      0.761241
-0.55      0.767724
-0.54      0.7742
-0.53      0.780665
-0.52      0.787115
-0.51      0.793548
-0.5      0.799959
-0.49      0.806346
-0.48      0.812704
-0.47      0.81903
-0.46      0.825319
-0.45      0.831568
-0.44      0.837772
-0.43      0.843928
-0.42      0.850031
-0.41      0.856076
-0.4      0.862059
-0.39      0.867976
-0.38      0.873822
-0.37      0.879592
-0.36      0.885282
-0.35      0.890887
-0.34      0.896403
-0.33      0.901823
-0.32      0.907145
-0.31      0.912363
-0.3      0.917472
-0.29      0.922468
-0.28      0.927345
-0.27      0.9321
-0.26      0.936728
-0.25      0.941224
-0.24      0.945584
-0.23      0.949803
-0.22      0.953878
-0.21      0.957803
-0.2      0.961575
-0.19      0.96519
-0.18      0.968645
-0.17      0.971935
-0.16      0.975056
-0.15      0.978007
-0.14      0.980783
-0.13      0.983381
-0.12      0.985798
-0.11      0.988032
-0.1      0.990081
-0.09      0.991941
-0.08      0.993612
-0.07      0.99509
-0.06      0.996375
-0.05      0.997464
-0.04      0.998357
-0.03      0.999053
-0.02      0.999551
-0.01      0.999849
7.5287e-16      0.999949
0.01      0.999849
0.02      0.999551
0.03      0.999053
0.04      0.998357
0.05      0.997464
0.06      0.996375
0.07      0.99509
0.08      0.993612
0.09      0.991941
0.1      0.990081
0.11      0.988032
0.12      0.985798
0.13      0.983381
0.14      0.980783
0.15      0.978007
0.16      0.975056
0.17      0.971935
0.18      0.968645
0.19      0.96519
0.2      0.961575
0.21      0.957803
0.22      0.953878
0.23      0.949803
0.24      0.945584
0.25      0.941224
0.26      0.936728
0.27      0.9321
0.28      0.927345
0.29      0.922468
0.3      0.917472
0.31      0.912363
0.32      0.907145
0.33      0.901823
0.34      0.896403
0.35      0.890887
0.36      0.885282
0.37      0.879592
0.38      0.873822
0.39      0.867976
0.4      0.862059
0.41      0.856076
0.42      0.850031
0.43      0.843928
0.44      0.837772
0.45      0.831568
0.46      0.825319
0.47      0.81903
0.48      0.812704
0.49      0.806346
0.5      0.799959
0.51      0.793548
0.52      0.787115
0.53      0.780665
0.54      0.7742
0.55      0.767724
0.56      0.761241
0.57      0.754753
0.58      0.748263
0.59      0.741774
0.6      0.735289
0.61      0.728811
0.62      0.722341
0.63      0.715883
0.64      0.709438
0.65      0.703009
0.66      0.696598
0.67      0.690208
0.68      0.683839
0.69      0.677494
0.7      0.671175
0.71      0.664883
0.72      0.658621
0.73      0.652389
0.74      0.64619
0.75      0.640024
0.76      0.633893
0.77      0.6278
0.78      0.621744
0.79      0.615728
0.8      0.609752
0.81      0.603818
0.82      0.597927
0.83      0.592081
0.84      0.586279
0.85      0.580524
0.86      0.574816
0.87      0.569155
0.88      0.563544
0.89      0.557981
0.9      0.552468
0.91      0.547005
0.92      0.541591
0.93      0.536227
0.94      0.530912
0.95      0.525645
0.96      0.520425
0.97      0.515251
0.98      0.510119
0.99      0.505028
1      0.499974
