-1      0.470588
-0.99      0.479953
-0.98      0.489224
-0.97      0.4984
-0.96      0.507482
-0.95      0.516471
-0.94      0.525365
-0.93      0.534165
-0.92      0.542871
-0.91      0.551482
-0.9      0.56
-0.89      0.568424
-0.88      0.576753
-0.87      0.584988
-0.86      0.593129
-0.85      0.601176
-0.84      0.609129
-0.83      0.616988
-0.82      0.624753
-0.81      0.632424
-0.8      0.64
-0.79      0.647482
-0.78      0.654871
-0.77      0.662165
-0.76      0.669365
-0.75      0.676471
-0.74      0.683482
-0.73      0.6904
-0.72      0.697224
-0.71      0.703953
-0.7      0.710588
-0.69      0.717129
-0.68      0.723576
-0.67      0.729929
-0.66      0.736188
-0.65      0.742353
-0.64      0.748424
-0.63      0.7544
-0.62      0.760282
-0.61      0.766071
-0.6      0.771765
-0.59      0.777365
-0.58      0.782871
-0.57      0.788282
-0.56      0.7936
-0.55      0.798824
-0.54      0.803953
-0.53      0.808988
-0.52      0.813929
-0.51      0.818776
-0.5      0.823529
-0.49      0.828188
-0.48      0.832753
-0.47      0.837224
-0.46      0.8416
-0.45      0.845882
-0.44      0.850071
-0.43      0.854165
-0.42      0.858165
-0.41      0.862071
-0.4      0.865882
-0.39      0.8696
-0.38      0.873224
-0.37      0.876753
-0.36      0.880188
-0.35      0.883529
-0.34      0.886776
-0.33      0.889929
-0.32      0.892988
-0.31      0.895953
-0.3      0.898824
-0.29      0.9016
-0.28      0.904282
-0.27      0.906871
-0.26      0.909365
-0.25      0.911765
-0.24      0.914071
-0.23      0.916282
-0.22      0.9184
-0.21      0.920424
-0.2      0.922353
-0.19      0.924188
-0.18      0.925929
-0.17      0.927576
-0.16      0.929129
-0.15      0.930588
-0.14      0.931953
-0.13      0.933224
-0.12      0.9344
-0.11      0.935482
-0.1      0.936471
-0.09      0.937365
-0.08      0.938165
-0.07      0.938871
-0.06      0.939482
-0.05      0.94
-0.04      0.940424
-0.03      0.940753
-0.02      0.940988
-0.01      0.941129
7.5287e-16      0.941176
0.01      0.941129
0.02      0.940988
0.03      0.940753
0.04      0.940424
0.05      0.94
0.06      0.939482
0.07      0.938871
0.08      0.938165
0.09      0.937365
0.1      0.936471
0.11      0.935482
0.12      0.9344
0.13      0.933224
0.14      0.931953
0.15      0.930588
0.16      0.929129
0.17      0.927576
0.18      0.925929
0.19      0.924188
0.2      0.922353
0.21      0.920424
0.22      0.9184
0.23      0.916282
0.24      0.914071
0.25      0.911765
0.26      0.909365
0.27      0.906871
0.28      0.904282
0.29      0.9016
0.3      0.898824
0.31      0.895953
0.32      0.892988
0.33      0.889929
0.34      0.886776
0.35      0.883529
0.36      0.880188
0.37      0.876753
0.38      0.873224
0.39      0.8696
0.4      0.865882
0.41      0.862071
0.42      0.858165
0.43      0.854165
0.44      0.850071
0.45      0.845882
0.46      0.8416
0.47      0.837224
0.48      0.832753
0.49      0.828188
0.5      0.823529
0.51      0.818776
0.52      0.813929
0.53      0.808988
0.54      0.803953
0.55      0.798824
0.56      0.7936
0.57      0.788282
0.58      0.782871
0.59      0.777365
0.6      0.771765
0.61      0.766071
0.62      0.760282
0.63      0.7544
0.64      0.748424
0.65      0.742353
0.66      0.736188
0.67      0.729929
0.68      0.723576
0.69      0.717129
0.7      0.710588
0.71      0.703953
0.72      0.697224
0.73      0.6904
0.74      0.683482
0.75      0.676471
0.76      0.669365
0.77      0.662165
0.78      0.654871
0.79      0.647482
0.8      0.64
0.81      0.632424
0.82      0.624753
0.83      0.616988
0.84      0.609129
0.85      0.601176
0.86      0.593129
0.87      0.584988
0.88      0.576753
0.89      0.568424
0.9      0.56
0.91      0.551482
0.92      0.542871
0.93      0.534165
0.94      0.525365
0.95      0.516471
0.96      0.507482
0.97      0.4984
0.98      0.489224
0.99      0.479953
1      0.470588
