-1      0.499133
-0.99      0.504653
-0.98      0.510128
-0.97      0.515567
-0.96      0.52098
-0.95      0.526375
-0.94      0.531761
-0.93      0.537143
-0.92      0.54253
-0.91      0.547928
-0.9      0.553341
-0.89      0.558777
-0.88      0.564239
-0.87      0.569731
-0.86      0.575258
-0.85      0.580824
-0.84      0.58643
-0.83      0.59208
-0.82      0.597775
-0.81      0.603518
-0.8      0.60931
-0.79      0.615152
-0.78      0.621044
-0.77      0.626988
-0.76      0.632982
-0.75      0.639027
-0.74      0.645122
-0.73      0.651267
-0.72      0.657459
-0.71      0.663698
-0.7      0.669982
-0.69      0.676308
-0.68      0.682676
-0.67      0.689082
-0.66      0.695523
-0.65      0.701998
-0.64      0.708503
-0.63      0.715034
-0.62      0.721589
-0.61      0.728165
-0.6      0.734756
-0.59      0.741361
-0.58      0.747974
-0.57      0.754592
-0.56      0.76121
-0.55      0.767825
-0.54      0.774433
-0.53      0.781027
-0.52      0.787605
-0.51      0.794162
-0.5      0.800693
-0.49      0.807194
-0.48      0.813659
-0.47      0.820084
-0.46      0.826465
-0.45      0.832796
-0.44      0.839074
-0.43      0.845292
-0.42      0.851447
-0.41      0.857533
-0.4      0.863546
-0.39      0.869481
-0.38      0.875334
-0.37      0.8811
-0.36      0.886774
-0.35      0.892352
-0.34      0.897829
-0.33      0.903201
-0.32      0.908464
-0.31      0.913612
-0.3      0.918643
-0.29      0.923552
-0.28      0.928334
-0.27      0.932987
-0.26      0.937506
-0.25      0.941887
-0.24      0.946127
-0.23      0.950222
-0.22      0.954169
-0.21      0.957964
-0.2      0.961605
-0.19      0.965088
-0.18      0.968411
-0.17      0.97157
-0.16      0.974563
-0.15      0.977388
-0.14      0.980042
-0.13      0.982522
-0.12      0.984828
-0.11      0.986956
-0.1      0.988905
-0.09      0.990674
-0.08      0.99226
-0.07      0.993663
-0.06      0.994881
-0.05      0.995914
-0.04      0.99676
-0.03      0.997419
-0.02      0.99789
-0.01      0.998173
7.5287e-16      0.998267
0.01      0.998173
0.02      0.99789
0.03      0.997419
0.04      0.99676
0.05      0.995914
0.06      0.994881
0.07      0.993663
0.08      0.99226
0.09      0.990674
0.1      0.988905
0.11      0.986956
0.12      0.984828
0.13      0.982522
0.14      0.980042
0.15      0.977388
0.16      0.974563
0.17      0.97157
0.18      0.968411
0.19      0.965088
0.2      0.961605
0.21      0.957964
0.22      0.954169
0.23      0.950222
0.24      0.946127
0.25      0.941887
0.26      0.937506
0.27      0.932987
0.28      0.928334
0.29      0.923552
0.3      0.918643
0.31      0.913612
0.32      0.908464
0.33      0.903201
0.34      0.897829
0.35      0.892352
0.36      0.886774
0.37      0.8811
0.38      0.875334
0.39      0.869481
0.4      0.863546
0.41      0.857533
0.42      0.851447
0.43      0.845292
0.44      0.839074
0.45      0.832796
0.46      0.826465
0.47      0.820084
0.48      0.813659
0.49      0.807194
0.5      0.800693
0.51      0.794162
0.52      0.787605
0.53      0.781027
0.54      0.774433
0.55      0.767825
0.56      0.76121
0.57      0.754592
0.58      0.747974
0.59      0.741361
0.6      0.734756
0.61      0.728165
0.62      0.721589
0.63      0.715034
0.64      0.708503
0.65      0.701998
0.66      0.695523
0.67      0.689082
0.68      0.682676
0.69      0.676308
0.7      0.669982
0.71      0.663698
0.72      0.657459
0.73      0.651267
0.74      0.645122
0.75      0.639027
0.76      0.632982
0.77      0.626988
0.78      0.621044
0.79      0.615152
0.8      0.60931
0.81      0.603518
0.82      0.597775
0.83      0.59208
0.84      0.58643
0.85      0.580824
0.86      0.575258
0.87      0.569731
0.88      0.564239
0.89      0.558777
0.9      0.553341
0.91      0.547928
0.92      0.54253
0.93      0.537143
0.94      0.531761
0.95      0.526375
0.96      0.52098
0.97      0.515567
0.98      0.510128
0.99      0.504653
1      0.499133
